0, 1, 2, 3, 4, 5, 6, 7, 8, 9, 10, 11, 12, 13, 14, 15, 16, 17, 18, 19, 20, 21, 22, 23, 24, 25, 26, 27, 28, 
0, 1, 2, 3, 29, 30, 31, 7, 8, 9, 10, 11, 12, 13, 14, 15, 16, 17, 18, 19, 20, 21, 22, 23, 24, 25, 26, 27, 28, 
32, 33, 34, 35, 36, 37, 38, 39, 40, 41, 42, 43, 44, 45, 46, 47, 48, 49, 15, 16, 17, 18, 19, 20, 21, 22, 23, 24, 25, 26, 27, 28, 
0, 1, 2, 3, 4, 5, 31, 7, 50, 8, 51, 9, 10, 11, 12, 13, 14, 15, 16, 17, 18, 19, 20, 21, 22, 23, 24, 25, 26, 27, 28, 
32, 33, 34, 35, 52, 37, 38, 39, 40, 41, 42, 44, 46, 47, 48, 49, 15, 16, 17, 18, 19, 20, 21, 22, 23, 24, 25, 26, 27, 28, 
32, 33, 34, 35, 36, 53, 54, 37, 38, 39, 40, 41, 42, 44, 55, 46, 47, 48, 49, 15, 16, 17, 18, 19, 20, 21, 22, 23, 24, 25, 26, 27, 28, 
32, 33, 34, 35, 52, 56, 37, 38, 39, 40, 41, 42, 44, 46, 47, 48, 49, 15, 16, 17, 18, 19, 20, 21, 22, 23, 24, 25, 26, 27, 28, 
0, 1, 2, 3, 4, 30, 31, 7, 8, 9, 10, 11, 12, 13, 14, 15, 16, 17, 18, 19, 20, 21, 22, 23, 24, 25, 26, 27, 28, 
32, 33, 34, 35, 36, 56, 37, 38, 39, 40, 41, 42, 44, 46, 47, 48, 49, 15, 16, 17, 18, 19, 20, 21, 22, 23, 24, 25, 26, 27, 28, 
0, 1, 2, 3, 4, 30, 57, 7, 50, 8, 51, 9, 10, 11, 12, 13, 14, 15, 16, 17, 18, 19, 20, 21, 22, 23, 24, 25, 26, 27, 28, 
1, 2, 3, 4, 30, 31, 7, 8, 9, 10, 11, 12, 13, 14, 15, 16, 17, 18, 19, 20, 21, 22, 23, 24, 25, 26, 27, 28, 
0, 1, 2, 3, 4, 5, 58, 7, 50, 8, 51, 9, 10, 11, 12, 13, 14, 15, 16, 17, 18, 19, 20, 21, 22, 23, 24, 25, 26, 27, 28, 
0, 1, 2, 3, 29, 30, 57, 7, 8, 9, 10, 11, 12, 13, 14, 15, 16, 17, 18, 19, 20, 21, 22, 23, 24, 25, 26, 27, 28, 
1, 2, 3, 29, 30, 31, 7, 8, 9, 10, 11, 12, 13, 14, 15, 16, 17, 18, 19, 20, 21, 22, 23, 24, 25, 26, 27, 28, 
32, 33, 34, 35, 36, 53, 59, 37, 38, 39, 40, 41, 42, 60, 44, 46, 47, 48, 49, 15, 16, 17, 18, 19, 20, 21, 22, 23, 24, 25, 26, 27, 28, 
33, 34, 35, 36, 53, 54, 37, 38, 39, 40, 41, 42, 44, 55, 46, 47, 48, 49, 15, 16, 17, 18, 19, 20, 21, 22, 23, 24, 25, 26, 27, 28, 
0, 1, 2, 3, 4, 5, 58, 7, 8, 9, 10, 11, 12, 13, 14, 15, 16, 17, 18, 19, 20, 21, 22, 23, 24, 25, 26, 27, 28, 
32, 33, 34, 35, 36, 53, 61, 37, 38, 39, 40, 41, 42, 44, 55, 46, 47, 48, 49, 15, 16, 17, 18, 19, 20, 21, 22, 23, 24, 25, 26, 27, 28, 
32, 33, 34, 35, 36, 53, 54, 37, 38, 39, 40, 41, 42, 43, 44, 45, 46, 47, 48, 49, 15, 16, 17, 18, 19, 20, 21, 22, 23, 24, 25, 26, 27, 28, 
32, 33, 34, 35, 52, 56, 37, 38, 39, 40, 41, 42, 60, 44, 46, 47, 48, 49, 15, 16, 17, 18, 19, 20, 21, 22, 23, 24, 25, 26, 27, 28, 
32, 33, 34, 35, 36, 53, 54, 37, 38, 39, 40, 41, 42, 60, 44, 46, 47, 48, 49, 15, 16, 17, 18, 19, 20, 21, 22, 23, 24, 25, 26, 27, 28, 
0, 1, 2, 3, 4, 30, 57, 7, 8, 9, 10, 11, 12, 13, 14, 15, 16, 17, 18, 19, 20, 21, 22, 23, 24, 25, 26, 27, 28, 
1, 2, 3, 4, 30, 57, 7, 8, 9, 10, 11, 12, 13, 14, 15, 16, 17, 18, 19, 20, 21, 22, 23, 24, 25, 26, 27, 28, 
32, 33, 34, 35, 36, 53, 56, 37, 38, 39, 40, 41, 42, 43, 44, 45, 46, 47, 48, 49, 15, 16, 17, 18, 19, 20, 21, 22, 23, 24, 25, 26, 27, 28, 
15, 16, 17, 18, 19, 20, 21, 22, 23, 24, 25, 26, 27, 28, 
1, 2, 3, 4, 5, 58, 7, 8, 9, 10, 11, 12, 13, 14, 15, 16, 17, 18, 19, 20, 21, 22, 23, 24, 25, 26, 27, 28, 
32, 33, 34, 35, 52, 53, 37, 38, 39, 40, 41, 42, 43, 44, 45, 46, 47, 48, 49, 15, 16, 17, 18, 19, 20, 21, 22, 23, 24, 25, 26, 27, 28, 
1, 2, 3, 4, 5, 62, 7, 8, 9, 10, 11, 12, 13, 14, 15, 16, 17, 18, 19, 20, 21, 22, 23, 24, 25, 26, 27, 28, 
0, 1, 2, 3, 29, 5, 57, 7, 50, 8, 51, 9, 10, 11, 12, 13, 14, 15, 16, 17, 18, 19, 20, 21, 22, 23, 24, 25, 26, 27, 28, 
0, 1, 2, 3, 4, 5, 62, 7, 8, 9, 10, 11, 12, 13, 14, 15, 16, 17, 18, 19, 20, 21, 22, 23, 24, 25, 26, 27, 28, 
33, 34, 35, 36, 53, 61, 37, 38, 39, 40, 41, 42, 44, 55, 46, 47, 48, 49, 15, 16, 17, 18, 19, 20, 21, 22, 23, 24, 25, 26, 27, 28, 
33, 34, 35, 36, 37, 38, 39, 40, 41, 42, 44, 46, 47, 48, 49, 15, 16, 17, 18, 19, 20, 21, 22, 23, 24, 25, 26, 27, 28, 
33, 34, 35, 36, 53, 54, 37, 38, 39, 40, 41, 42, 60, 44, 46, 47, 48, 49, 15, 16, 17, 18, 19, 20, 21, 22, 23, 24, 25, 26, 27, 28, 
32, 33, 34, 35, 36, 56, 37, 38, 39, 40, 41, 42, 60, 44, 46, 47, 48, 49, 15, 16, 17, 18, 19, 20, 21, 22, 23, 24, 25, 26, 27, 28, 
1, 2, 3, 4, 5, 58, 7, 50, 8, 51, 9, 10, 11, 12, 13, 14, 15, 16, 17, 18, 19, 20, 21, 22, 23, 24, 25, 26, 27, 28, 
33, 34, 35, 52, 37, 38, 39, 40, 41, 42, 43, 44, 45, 46, 47, 48, 49, 15, 16, 17, 18, 19, 20, 21, 22, 23, 24, 25, 26, 27, 28, 
32, 33, 34, 35, 52, 37, 38, 39, 40, 41, 42, 43, 44, 45, 46, 47, 48, 49, 15, 16, 17, 18, 19, 20, 21, 22, 23, 24, 25, 26, 27, 28, 
1, 2, 3, 4, 5, 31, 7, 50, 8, 51, 9, 10, 11, 12, 13, 14, 15, 16, 17, 18, 19, 20, 21, 22, 23, 24, 25, 26, 27, 28, 
33, 34, 35, 36, 53, 59, 37, 38, 39, 40, 41, 42, 60, 44, 46, 47, 48, 49, 15, 16, 17, 18, 19, 20, 21, 22, 23, 24, 25, 26, 27, 28, 
32, 33, 34, 35, 36, 53, 37, 38, 39, 40, 41, 42, 43, 44, 45, 46, 47, 48, 49, 15, 16, 17, 18, 19, 20, 21, 22, 23, 24, 25, 26, 27, 28, 
32, 33, 34, 35, 36, 37, 38, 39, 40, 41, 42, 44, 46, 47, 48, 49, 15, 16, 17, 18, 19, 20, 21, 22, 23, 24, 25, 26, 27, 28, 
0, 1, 2, 3, 4, 5, 57, 7, 50, 8, 51, 9, 10, 11, 12, 13, 14, 15, 16, 17, 18, 19, 20, 21, 22, 23, 24, 25, 26, 27, 28, 
1, 2, 3, 4, 5, 57, 7, 50, 8, 51, 9, 10, 11, 12, 13, 14, 15, 16, 17, 18, 19, 20, 21, 22, 23, 24, 25, 26, 27, 28, 
1, 2, 3, 29, 30, 57, 7, 8, 9, 10, 11, 12, 13, 14, 15, 16, 17, 18, 19, 20, 21, 22, 23, 24, 25, 26, 27, 28, 
33, 34, 35, 36, 53, 54, 37, 38, 39, 40, 41, 42, 43, 44, 45, 46, 47, 48, 49, 15, 16, 17, 18, 19, 20, 21, 22, 23, 24, 25, 26, 27, 28, 
1, 2, 3, 4, 5, 6, 7, 8, 9, 10, 11, 12, 13, 14, 15, 16, 17, 18, 19, 20, 21, 22, 23, 24, 25, 26, 27, 28, 
33, 34, 35, 36, 53, 37, 38, 39, 40, 41, 42, 43, 44, 45, 46, 47, 48, 49, 15, 16, 17, 18, 19, 20, 21, 22, 23, 24, 25, 26, 27, 28, 
33, 34, 35, 36, 53, 56, 37, 38, 39, 40, 41, 42, 43, 44, 45, 46, 47, 48, 49, 15, 16, 17, 18, 19, 20, 21, 22, 23, 24, 25, 26, 27, 28, 
33, 34, 35, 52, 56, 37, 38, 39, 40, 41, 42, 60, 44, 46, 47, 48, 49, 15, 16, 17, 18, 19, 20, 21, 22, 23, 24, 25, 26, 27, 28, 
0, 1, 2, 3, 29, 30, 57, 7, 50, 8, 51, 9, 10, 11, 12, 13, 14, 15, 16, 17, 18, 19, 20, 21, 22, 23, 24, 25, 26, 27, 28, 
33, 34, 35, 52, 37, 38, 39, 40, 41, 42, 44, 46, 47, 48, 49, 15, 16, 17, 18, 19, 20, 21, 22, 23, 24, 25, 26, 27, 28, 
33, 34, 35, 52, 56, 37, 38, 39, 40, 41, 42, 44, 46, 47, 48, 49, 15, 16, 17, 18, 19, 20, 21, 22, 23, 24, 25, 26, 27, 28, 
33, 34, 35, 36, 56, 37, 38, 39, 40, 41, 42, 60, 44, 46, 47, 48, 49, 15, 16, 17, 18, 19, 20, 21, 22, 23, 24, 25, 26, 27, 28, 
33, 34, 35, 36, 56, 37, 38, 39, 40, 41, 42, 44, 46, 47, 48, 49, 15, 16, 17, 18, 19, 20, 21, 22, 23, 24, 25, 26, 27, 28, 
1, 2, 3, 29, 30, 57, 7, 50, 8, 51, 9, 10, 11, 12, 13, 14, 15, 16, 17, 18, 19, 20, 21, 22, 23, 24, 25, 26, 27, 28, 
33, 34, 35, 36, 37, 38, 39, 40, 41, 42, 43, 44, 45, 46, 47, 48, 49, 15, 16, 17, 18, 19, 20, 21, 22, 23, 24, 25, 26, 27, 28, 
1, 2, 3, 4, 30, 57, 7, 50, 8, 51, 9, 10, 11, 12, 13, 14, 15, 16, 17, 18, 19, 20, 21, 22, 23, 24, 25, 26, 27, 28, 
33, 34, 35, 52, 53, 37, 38, 39, 40, 41, 42, 43, 44, 45, 46, 47, 48, 49, 15, 16, 17, 18, 19, 20, 21, 22, 23, 24, 25, 26, 27, 28, 
1, 2, 3, 29, 5, 57, 7, 50, 8, 51, 9, 10, 11, 12, 13, 14, 15, 16, 17, 18, 19, 20, 21, 22, 23, 24, 25, 26, 27, 28, 
